00000000000000000000000000000000
00000000000000000000000000000000
00000000000000000000000000000000
00000000000000110000000000000000
00000000000000110000000000000000
00000000000000000000000000000000
00000000000000000000000000000000
00000000000000000000000000000000
00000000000000000000000000000000
00000000000000000000000000000000
00000000000000000000000000000000
00000000000000000000000000000000
00000000000000001111000000000000
00000000000000001001000000000000
00000000000000111001110000000000
00000000000000100000010000000000
00000000000000100000010000000000
00000000000000111001110000000000
00000000000000001001000000000000
00000000000000001111000000000000
00000000000000000000000000000000
00000000000000000000000000000000
00000000000000000000000000000000
00001000000000000000000000000000
00000100000000000000000000000000
00011100000000000000000000000000
00000000000000000000000000000000
00000000000000000000000000000000
00100000000000000000000000000000
00100000000000000000000000011100
00100000000000000000000000000000
00000000000000000000000000000000